# The modifications of the output file from Kalibr:
# 1. For each matrix (e.g. cam0/T_cam_imu), remove the brackets and minus sign for each line. Use one pair of brackets for each matrix.
# 2. Add the T_imu_body at the end of the calibration file (usually set to identity).
cam0:
  T_cam_imu:
    [0.9999624163698968, 0.00820366667695469, 0.0028045856610898795, -0.0002506299165610992,
  0.008208949415032413, -0.999964543792963, -0.0018773136212516626, -8.36890474551937e-06,
  0.0027890853659231717, 0.0019002657668129458, -0.9999943049802018, 0.00010430530534510998,
  0.0, 0.0, 0.0, 1.0]
  camera_model: pinhole
  distortion_coeffs: [-0.31144304799906425, 0.1001151579918064, -0.0004172856642606116, -0.0008837502740556427]
  distortion_model: radtan
  intrinsics: [716.4751880465594, 716.7212329272082, 650.8935779727392, 368.76884482637536]
  resolution: [1280,720]
  rostopic: /mynteye/left/image_color
cam1:
  T_cam_imu:
    [0.9999544421365067, 0.009544710758176781, -0.0001102180139115335, -0.1208990660938351,
  0.009544578509540975, -0.9999537952905078, -0.0011438116910545404, -0.00027508721935319444,
  -0.00012113027307315656, 0.0011427075969507128, -0.9999993397731846, -0.0009006736807345527,
  0.0, 0.0, 0.0, 1.0]
  T_cn_cnm1:
    [0.9999948527283588, -0.00133558999232167, 0.0029173131744784555, -0.12064875293600115,
     0.0013377242428459519, 0.9999988389771537, -0.000729752144316052, -0.0002663069335885593,
     -0.00291633513775039, 0.0007336509486410091, 0.999995478362601, -0.0010057032954262262,
    0.0, 0.0, 0.0, 1.0]
  camera_model: pinhole
  distortion_coeffs:  [-0.32754298669377446, 0.12546887136750015, -0.00041321949586474476, -0.00017301572804367135]
  distortion_model: radtan
  intrinsics: [712.2044062513228, 712.6159690145696, 646.7639467887026, 370.887482609131]
  resolution: [1280,720]
  rostopic: /mynteye/right/image_color
T_imu_body:
  [1.0000, 0.0000, 0.0000, 0.0000,
  0.0000, 1.0000, 0.0000, 0.0000,
  0.0000, 0.0000, 1.0000, 0.0000,
  0.0000, 0.0000, 0.0000, 1.0000]
